reception pics:
5719
5728
5733
5731
5737
5741
5745
5748
5753
5756
5757
5760
5762
5764
5767
5768
5771
5776
5779
5782
5785
5788
5791
5792
5795
5796
5798
5800
5809
5817
5821
5828
5832
5838
5845
5851
5854
5857
5860
5864
5866
5871
5875
5877
5878
5885
5890
5897
5901
5911
5914
5918
5921
5923
5925
5929
5923
5936
5937
5941
5944
5950
5953
5954
5959
5964
5966
5968
5970
5972
5973
5977
5984
5981
5987
5992
5993
5996
5999
6002
6004
6008
6013
6017
6019
6028
6033
6042
6044
6047
6049
6056
6063
6065
6069
6073
6077
6084
6090
6096
6101
6104
6106
6115
6121
6122
6124
6127
6130
6132
6135
6163

